238.8870 392.5823
242.2081 392.2562
244.3952 391.3594
246.1772 390.7888
248.0403 391.0333
249.2553 388.343
248.0403 386.794
247.7163 385.5711
249.4983 384.6744
250.7134 384.3483
251.6854 383.6961
251.3614 382.4732
251.6854 380.6796
252.5764 379.1306
253.1434 377.3371
255.3305 377.5817
257.4365 378.56
259.5426 379.7829
261.6487 380.0274
264.0787 379.7829
263.8357 378.56
262.6207 377.011
261.4056 376.1142
260.7576 374.2391
258.0036 372.6902
256.5455 371.7934
254.6825 371.2227
252.5764 370.2444
251.6854 369.6737
251.0374 368.4508
250.7134 366.9019
249.2553 365.679
247.3923 364.13
246.5012 363.5593
244.9622 362.6626
242.5321 361.4397
240.9931 359.8907
239.2110 360.2168
238.8870 361.6843
237.996 362.9071
240.1021 364.4561
240.7501 365.3529
239.2110 365.3529
238.3200 364.13
237.348 363.5593
236.1330 364.13
236.1330 365.1083
235.5659 365.679
234.3509 366.0051
233.4599 367.228
233.1359 369.0215
232.8119 369.9998
232.2449 371.4673
230.7058 373.0163
229.4908 374.2391
228.8428 375.7881
227.9517 377.011
226.4127 377.3371
224.3066 377.3371
221.8766 379.1306
221.5526 381.0057
222.5246 382.2286
224.3066 381.2503
226.1697 380.6796
227.6277 379.7829
228.5998 378.8045
230.0578 378.56
230.7058 379.4567
229.4908 381.0057
228.8428 382.2286
229.1668 384.6744
229.4908 385.8972
229.1668 387.1201
229.1668 388.343
229.1668 389.5659
232.2449 390.1366
232.2449 390.7888
234.3509 391.3594
236.1330 391.3594
237.348 392.0116
238.8870 392.5823

