447.6297 93.5479
449.1687 93.2218
449.1687 91.75434
449.1687 89.55316
449.4117 88.08571
450.6268 88.08571
450.3838 89.55316
449.7357 91.10214
449.4117 92.97722
449.4117 93.874
450.0597 93.874
450.6268 92.97722
451.2748 91.75434
452.1658 91.10214
453.0568 90.53147
454.5959 89.87926
456.1349 90.20537
457.917 90.20537
459.132 89.30859
460.671 88.65639
461.8861 87.43351
461.8861 85.88453
463.7491 85.31385
463.7491 83.43877
462.5341 82.542
460.671 82.542
459.78 82.2159
458.889 81.31912
457.917 79.77014
457.917 77.97659
457.3499 75.85693
456.7019 74.63405
455.2439 74.30795
453.7048 73.98185
452.1658 73.41118
450.9508 73.08507
449.1687 72.75897
447.3057 72.75897
446.7387 74.30795
445.5236 75.20473
444.3086 76.1015
443.0936 77.32438
441.8785 78.30269
440.6635 79.19946
439.1245 79.77014
437.5854 80.74844
437.0184 80.99302
436.0464 81.64522
434.8313 82.542
433.6163 82.542
431.8343 82.542
430.9432 81.97132
429.7282 81.64522
428.5132 81.64522
427.5411 82.542
430.2952 83.76488
430.6192 84.98775
431.8343 86.21063
432.4013 87.1074
434.8313 87.43351
437.0184 87.1074
438.4764 88.08571
439.6915 88.98249
441.2305 89.55316
443.0936 90.20537
444.5516 90.77604
444.8756 91.99892
446.7387 92.97722
447.9537 93.2218
447.6297 93.5479

